36.8957
37.0799
37.1387
37.1387
37.1387
37.2223
37.8002
37.8062
37.8062
37.8062
37.9423
37.9484
37.9864
37.9864
37.9864
37.9864
37.9864
38.2332
38.2332
38.2332
37.9864
37.9864
37.9864
37.9864
37.9864
37.9864
37.9864
37.9864
37.9864
37.9864
37.8412
37.8412
37.8412
37.8412
37.8412
37.8412
37.9298
37.8259
37.8259
37.8259
37.8259
37.8259
37.7806
37.7868
37.8114
37.8114
37.8114
37.8114
37.8114
37.8462
37.8202
37.8014
37.8014
37.7983
37.7983
37.7983
37.7883
37.8326
37.8326
37.8326
37.8326
37.8326
37.8326
37.7868
37.7983
37.7704
37.7704
37.7704
37.8462
37.7935
37.8202
37.806
37.786
37.8107
37.8107
37.8107
37.8107
37.8422
37.8462
37.8107
37.8202
37.8202
37.8202
37.8202
37.8114
37.8114
37.8114
37.8114
37.8114
37.8114
37.8202
37.8202
37.8202
37.8202
37.8202
37.8202
37.8202
37.8202
37.8202
37.8196
37.8102
37.8102
37.8343
37.8343
37.8107
37.8102
37.8442
37.8122
37.9098
37.8107
37.8102
37.8155
37.8155
37.8107
37.8107
37.8155
37.8155
37.8155
37.8202
37.8202
37.8155
37.8202
37.8112
37.8155
37.8166
37.8166
37.8166
37.8202
37.8163
37.8202
37.8202
37.8166
37.8166
37.8155
37.8155
37.8155
37.82
37.8122
37.82
37.8107
37.8159
37.8202
37.8202
37.8159
37.8159
37.8159
37.8202
37.8159
37.8159
37.8159
37.8159
37.8184
37.8184
37.8184
37.8202
37.8202
37.8202
37.8202
37.8202
37.8202
37.8202
37.8202
37.8202
37.8202
37.8202
37.8202
37.8159
37.8159
37.8159
37.8159
37.8159
37.8184
37.8159
37.8159
37.8159
37.8159
37.8159
37.8159
37.8159
37.8159
37.8159
37.8184
37.8184
37.8159
37.8159
37.8159
37.8159
37.8159
37.8159
37.8159
37.8159
37.8159
37.8159
37.8159
37.8159
37.8159
37.8159
37.8159
37.8159
37.8159
37.8159
37.8159
37.8159
37.8159
37.8159
37.8159
37.8159
37.8159
37.8159
37.8159
37.8159
37.8159
37.8159
37.8159
37.8159
37.8159
37.8159
37.8159
37.8159
37.8159
37.8159
37.8159
37.8159
37.8159
37.8159
37.8159
37.8159
37.8159
37.8159
37.8159
37.8159
37.8126
37.8159
37.8126
37.8126
37.8126
37.8126
37.8126
37.8126
37.8126
37.8126
37.8126
37.8126
37.8126
37.8126
37.8126
37.8126
37.8126
37.8126
37.8126
37.8126
37.8126
37.8126
37.8126
37.8126
37.8126
37.8126
37.8126
37.8126
37.8126
37.8126
37.8126
37.8126
37.8126
37.8126
37.8126
37.8126
37.8126
37.8126
37.8126
37.8126
37.8126
37.8126
37.8126
37.8126
37.8126
37.8126
37.8126
37.8126
37.8126
37.8126
37.8126
37.8126
37.8126
37.8126
37.8126
37.8126
37.8126
37.8126
37.8126
37.8126
37.8126
37.8126
37.8126
37.8126
37.8126
37.8126
37.8126
37.8126
37.8126
37.8126
37.8126
37.8126
37.8126
37.8126
37.8126
37.8126
37.8126
37.8126
37.8126
37.8126
37.8126
37.8126
37.8126
37.8126
37.8126
37.8126
37.8126
37.8126
37.8126
37.8126
37.8126
37.8126
37.8126
37.8126
37.8126
37.8126
37.8126
37.8126
37.8126
37.8126
37.8126
37.8126
37.8126
37.8126
37.8126
37.8126
37.8126
37.8126
37.8126
37.8126
37.8126
37.8126
37.8126
37.8126
37.8126
37.8126
37.8126
37.8126
37.8126
37.8126
37.8126
37.8126
37.8126
37.8126
37.8126
37.8126
37.8126
37.8126
37.8126
37.8126
37.8126
37.8126
37.8126
37.8126
37.8126
37.8126
37.8126
37.8126
37.8126
37.8126
37.8126
37.8126
37.8126
37.8126
37.8126
37.8126
37.8126
37.8126
37.8126
37.8126
37.8126
37.8126
37.8126
37.8126
37.8126
37.8126
37.8126
37.8126
37.8126
37.8126
37.8126
37.8126
37.8126
37.8126
37.8126
37.8126
37.8126
37.8126
37.8126
37.8126
37.8126
37.8126
37.8126
37.8126
37.8126
37.8126
37.8126
37.8126
37.8126
37.8126
37.8126
37.8126
37.8126
37.8126
37.8126
37.8126
37.8126
37.8126
37.8126
37.8126
37.8126
37.8126
37.8126
37.8126
37.8126
37.8126
37.8126
37.8126
37.8126
37.8126
37.8126
37.8126
37.8126
37.8126
37.8126
37.8126
37.8126
37.8126
37.8126
37.8126
37.8126
37.8126
37.8126
37.8126
37.8126
37.8126
37.8126
37.8126
37.8126
37.8126
37.8126
37.8126
37.8126
37.8126
37.8126
37.8126
37.8126
37.8126
37.8126
37.8126
37.8126
37.8126
37.8126
37.8126
37.8126
37.8126
37.8126
37.8126
37.8126
37.8126
37.8126
37.8126
37.8126
37.8126
37.8126
37.8126
37.8126
37.8126
37.8126
37.8126
37.8126
37.8126
37.8126
37.8126
37.8126
37.8126
37.8126
37.8126
37.8126
37.8126
37.8126
37.8126
37.8126
37.8126
37.8126
37.8126
37.8126
37.8126
37.8126
37.8126
37.8126
37.8126
37.8126
37.8126
37.8126
37.8126
37.8126
37.8126
37.8126
37.8126
37.8126
37.8126
37.8126
37.8126
37.8126
37.8126
37.8126
37.8126
37.8126
37.8126
37.8126
37.8126
37.8126
37.8126
37.8126
37.8126
37.8126
37.8126
37.8126
37.8126
37.8126
37.8126
37.8126
37.8126
37.8126
37.8126
37.8126
37.8126
37.8126
37.8126
37.8126
37.8126
37.8126
37.8126
37.8126
37.8126
37.8126
37.8126
37.8126
37.8126
37.8126
37.8126
37.8126
37.8126
37.8126
37.8126
37.8126
37.8126
37.8126
37.8126
37.8126
37.8126
37.8126
37.8126
37.8126
37.8126
37.8126
37.8126
37.8126
37.8126
37.8126
37.8126
37.8126
37.8126
37.8126
37.8126
37.8126
37.8126
37.8126
37.8126
37.8126
37.8126
37.8126
37.8126
37.8126
37.8126
37.8126
37.8126
37.8126
37.8126
37.8126
37.8126
37.8126
37.8126
37.8126
37.8126
37.8126
37.8126
37.8126
37.8126
37.8126
37.8126
37.8126
37.8126
37.8126
37.8126
37.8126
37.8126
37.8126
37.8126
37.8126
37.8126
37.8126
37.8126
37.8126
37.8126
37.8126
37.8126
37.8126
37.8126
37.8126
37.8126
37.8126
37.8126
37.8126
37.8126
37.8126
37.8126
37.8126
37.8126
37.8126
37.8126
37.8126
37.8126
37.8126
37.8126
37.8126
37.8126
37.8126
37.8126
37.8126
37.8126
37.8126
37.8126
37.8126
37.8126
37.8126
37.8126
37.8126
37.8126
37.8126
37.8126
37.8126
37.8126
37.8126
37.8126
37.8126
37.8126
37.8126
37.8126
37.8126
37.8126
37.8126
37.8126
37.8126
37.8126
37.8126
37.8126
37.8126
37.8126
37.8126
37.8126
37.8126
37.8126
37.8126
37.8126
37.8126
37.8126
37.8126
37.8126
37.8126
37.8126
37.8126
37.8126
37.8126
37.8126
37.8126
37.8126
37.8126
37.8126
37.8126
37.8126
37.8126
37.8126
37.8126
37.8126
37.8126
37.8126
37.8126
37.8126
37.8126
37.8126
37.8126
37.8126
37.8126
37.8126
37.8126
37.8126
37.8126
37.8126
37.8126
37.8126
37.8126
37.8126
37.8126
37.8126
37.8126
37.8126
37.8126
37.8126
37.8126
37.8126
37.8126
37.8126
37.8126
37.8126
37.8126
37.8126
37.8126
37.8126
37.8126
37.8126
37.8126
37.8126
37.8126
37.8126
37.8126
37.8126
37.8126
37.8126
37.8126
37.8126
37.8126
37.8126
37.8126
37.8126
37.8126
37.8126
37.8126
37.8126
37.8126
37.8126
37.8126
37.8126
37.8126
37.8126
37.8126
37.8126
37.8126
37.8126
37.8126
37.8126
37.8126
37.8126
37.8126
37.8126
37.8126
37.8126
37.8126
37.8126
37.8126
37.8126
37.8126
37.8126
37.8126
37.8126
37.8126
37.8126
37.8126
37.8126
37.8126
37.8126
37.8126
37.8126
37.8126
37.8126
37.8126
37.8126
37.8126
37.8126
37.8126
37.8126
37.8126
37.8126
37.8126
37.8126
37.8126
37.8126
37.8126
37.8126
37.8126
37.8126
37.8126
37.8126
37.8126
37.8126
37.8126
37.8126
37.8126
37.8126
37.8126
37.8126
37.8126
37.8126
37.8126
37.8126
37.8126
37.8126
37.8126
37.8126
37.8126
37.8126
37.8126
37.8126
37.8126
37.8126
37.8126
37.8126
37.8126
37.8126
37.8126
37.8126
37.8126
37.8126
37.8126
37.8126
37.8126
37.8126
37.8126
37.8126
37.8126
37.8126
37.8126
37.8126
37.8126
37.8126
37.8126
37.8126
37.8126
37.8126
37.8126
37.8126
37.8126
37.8126
37.8126
37.8126
37.8126
37.8126
37.8126
37.8126
37.8126
37.8126
37.8126
37.8126
37.8126
37.8126
37.8126
37.8126
37.8126
37.8126
37.8126
37.8126
37.8126
37.8126
37.8126
37.8126
37.8126
37.8126
37.8126
37.8126
37.8126
37.8126
37.8126
37.8126
37.8126
37.8126
37.8126
37.8126
37.8126
37.8126
37.8126
37.8126
37.8126
37.8126
37.8126
37.8126
37.8126
37.8126
37.8126
37.8126
37.8126
37.8126
37.8126
37.8126
37.8126
37.8126
37.8126
37.8126
37.8126
37.8126
37.8126
37.8126
37.8126
37.8126
37.8126
37.8126
37.8126
37.8126
37.8126
37.8126
37.8126
37.8126
37.8126
37.8126
37.8126
37.8126
37.8126
37.8126
37.8126
37.8126
37.8126
37.8126
37.8126
37.8126
37.8126
37.8126
37.8126
37.8126
37.8126
37.8126
37.8126
37.8126
37.8126
37.8126
37.8126
37.8126
37.8126
37.8126
37.8126
37.8126
37.8126
37.8126
37.8126
37.8126
37.8126
37.8126
37.8126
37.8126
37.8126
37.8126
37.8126
37.8126
37.8126
37.8126
37.8126
37.8126
37.8126
37.8126
37.8126
37.8126
37.8126
37.8126
37.8126
37.8126
37.8126
37.8126
37.8126
37.8126
37.8126
37.8126
37.8126
37.8126
37.8126
37.8126
37.8126
37.8126
37.8126
37.8126
37.8126
37.8126
37.8126
37.8126
37.8126
37.8126
37.8126
37.8126
37.8126
37.8126
37.8126
