21.4752
23.1999
25.2583
26.1718
27.1763
29.1339
30.8152
31.5796
32.6317
32.6594
32.5263
32.9951
33.3242
33.7768
34.0493
34.0669
34.0345
34.3865
34.6716
34.9394
34.8194
34.9742
34.7997
34.6956
34.8087
34.7789
34.67
34.3986
34.5606
35.5066
35.6742
35.8585
35.9373
35.7891
35.8998
35.8603
35.7509
35.4311
35.1249
35.36
35.3898
34.8254
35.4583
35.4727
35.193
35.2766
35.3813
35.4057
35.4
35.4245
35.7115
35.6318
35.7174
35.768
35.8135
35.8184
35.9512
36.0238
35.9122
35.8862
35.9179
35.9866
35.8675
35.9717
35.7618
35.3494
35.4117
35.7652
36.0401
36.1076
36.3819
36.5769
36.6554
36.7876
36.8242
36.6766
36.8019
37.0372
36.9813
36.8775
36.9727
36.8665
36.9133
36.9407
36.8168
36.7684
36.6651
36.7422
36.9599
37.0848
37.1185
37.0436
36.8699
37.0604
37.0402
36.7111
36.8175
36.8468
36.893
36.6999
36.707
36.5439
36.6494
36.6465
36.6509
36.6709
36.7718
36.8728
36.8044
36.9079
36.9369
36.9428
36.9305
36.877
36.7326
36.5819
36.5321
36.5286
36.4974
36.2184
36.2356
36.3466
36.1643
36.1821
36.3463
36.3902
36.7614
36.6803
36.5925
36.395
36.5767
36.2486
36.5294
36.4296
36.7593
36.738
36.7409
36.5891
36.3618
36.5569
36.7727
36.7338
36.6105
36.5267
36.3507
36.6355
36.5333
36.4964
35.882
36.1761
35.9593
36.3877
36.3459
36.4007
36.5104
36.3417
36.2559
36.4109
36.5604
36.2511
36.3283
36.3717
36.2379
35.7786
35.9654
36.1726
36.3864
36.3
36.1882
36.4771
35.9323
35.9744
36.2922
36.2902
36.5404
36.6028
36.3197
36.2403
36.4785
36.4018
36.7134
36.5282
36.5978
36.4825
36.1065
35.9873
35.9072
35.8877
36.1205
36.4429
36.5252
36.2469
36.4152
36.5905
36.701
36.7848
37.0072
37.0883
37.135
37.2076
37.2273
37.1271
37.2185
37.0986
37.1145
37.1425
37.0331
36.9489
36.6191
36.8525
37.342
37.3528
37.386
37.3893
37.3363
37.122
37.2376
37.4271
37.1513
37.274
37.2202
37.1044
37.2149
37.2432
37.1774
37.1333
37.103
37.0246
36.9406
37.0835
36.9899
37.1416
37.1999
37.1315
37.2072
37.1039
37.194
37.2092
37.2317
37.2121
37.2486
37.298
37.1712
37.1438
37.1914
37.2081
37.3803
37.4805
37.4622
37.3628
37.4326
37.4051
37.3991
37.4601
37.5057
37.415
37.3691
37.3656
37.4859
37.4679
37.3982
37.2916
37.2788
37.3263
37.2761
37.412
37.5165
37.5164
37.348
37.2563
37.5152
37.6297
37.6693
37.6609
37.6691
37.5963
37.6163
37.7126
37.7305
37.7208
37.7197
37.6974
37.6544
37.6839
37.7395
37.7517
37.7079
37.7047
37.6716
37.6672
37.7019
37.7105
37.7052
37.7156
37.7441
37.7446
37.7158
37.7398
37.7557
37.7653
37.7528
37.6786
37.6987
37.702
37.6257
37.6623
37.6141
37.6932
37.7747
37.7496
37.6312
37.6423
37.5281
37.3798
37.4692
37.421
37.3568
37.3897
37.3017
37.4973
37.4928
37.372
37.1926
37.0118
37.2905
37.3177
37.398
37.4837
37.5303
37.6514
37.6815
37.6865
37.7606
37.735
37.6824
37.7457
37.7906
37.7811
37.7937
37.7843
37.7874
37.8063
37.8063
37.7748
37.7371
37.7119
37.7276
37.7402
37.7065
37.6881
37.7056
37.6898
37.7276
37.7245
37.6626
37.6959
37.563
37.4688
37.4421
37.438
37.4589
37.5606
37.6356
37.6455
37.628
37.6484
37.6898
37.7119
37.7528
37.7319
37.6904
37.773
37.7919
37.8126
37.8126
37.8126
37.8126
37.8126
37.8126
37.8126
37.8126
37.8126
37.8126
37.8126
37.8126
37.8126
37.8126
37.8126
37.8126
37.8126
37.8126
37.8126
37.8126
37.8126
37.8126
37.8126
37.8126
37.8126
37.8126
37.8126
37.8126
37.8126
37.8126
37.8126
37.8126
37.8126
37.8126
37.8126
37.8126
37.8126
37.8126
37.8126
37.8126
37.8126
37.8126
37.8126
37.8126
37.8126
37.8126
37.8126
37.8126
37.8126
37.8126
37.8126
37.8126
37.8126
37.8126
37.8126
37.8126
37.8126
37.8126
37.8126
37.8126
37.8126
37.8126
37.8126
37.8126
37.8126
37.8126
37.8126
37.8126
37.8126
37.8126
37.8126
37.8126
37.8126
37.8126
37.8126
37.8126
37.8126
37.8126
37.8126
37.8126
37.8126
37.8126
37.8126
37.8126
37.8126
37.8126
37.8126
37.8126
37.8126
37.8126
37.8126
37.8126
37.8126
37.8126
37.8126
37.8126
37.8126
37.8126
37.8126
37.8126
37.8126
37.8126
37.8126
37.8126
37.8126
37.8126
37.8126
37.8126
37.8126
37.8126
37.8126
37.8126
37.8126
37.8126
37.8126
37.8126
37.8126
37.8126
37.8126
37.8126
37.8126
37.8126
37.8126
37.8126
37.8126
37.8126
37.8126
37.8126
37.8126
37.8126
37.8126
37.8126
37.8126
37.8126
37.8126
37.8126
37.8126
37.8126
37.8126
37.8126
37.8126
37.8126
37.8126
37.8126
37.8126
37.8126
37.8126
37.8126
37.8126
37.8126
37.8126
37.8126
37.8126
37.8126
37.8126
37.8126
37.8126
37.8126
37.8126
37.8126
37.8126
37.8126
37.8126
37.8126
37.8126
37.8126
37.8126
37.8126
37.8126
37.8126
37.8126
37.8126
37.8126
37.8126
37.8126
37.8126
37.8126
37.8126
37.8126
37.8126
37.8126
37.8126
37.8126
37.8126
37.8126
37.8126
37.8126
37.8126
37.8126
37.8126
37.8126
37.8126
37.8126
37.8126
37.8126
37.8126
37.8126
37.8126
37.8126
37.8126
37.8126
37.8126
37.8126
37.8126
37.8126
37.8126
37.8126
37.8126
37.8126
37.8126
37.8126
37.8126
37.8126
37.8126
37.8126
37.8126
37.8126
37.8126
37.8126
37.8126
37.8126
37.8126
37.8126
37.8126
37.8126
37.8126
37.8126
37.8126
37.8126
37.8126
37.8126
37.8126
37.8126
37.8126
37.8126
37.8126
37.8126
37.8126
37.8126
37.8126
37.8126
37.8126
37.8126
37.8126
37.8126
37.8126
37.8126
37.8126
37.8126
37.8126
37.8126
37.8126
37.8126
37.8126
37.8126
37.8126
37.8126
37.8126
37.8126
37.8126
37.8126
37.8126
37.8126
37.8126
37.8126
37.8126
37.8126
37.8126
37.8126
37.8126
37.8126
37.8126
37.8126
37.8126
37.8126
37.8126
37.8126
37.8126
37.8126
37.8126
37.8126
37.8126
37.8126
37.8126
37.8126
37.8126
37.8126
37.8126
37.8126
37.8126
37.8126
37.8126
37.8126
37.8126
37.8126
37.8126
37.8126
37.8126
37.8126
37.8126
37.8126
37.8126
37.8126
37.8126
37.8126
37.8126
37.8126
37.8126
37.8126
37.8126
37.8126
37.8126
37.8126
37.8126
37.8126
37.8126
37.8126
37.8126
37.8126
37.8126
37.8126
37.8126
37.8126
37.8126
37.8126
37.8126
37.8126
37.8126
37.8126
37.8126
37.8126
37.8126
37.8126
37.8126
37.8126
37.8126
37.8126
37.8126
37.8126
37.8126
37.8126
37.8126
37.8126
37.8126
37.8126
37.8126
37.8126
37.8126
37.8126
37.8126
37.8126
37.8126
37.8126
37.8126
37.8126
37.8126
37.8126
37.8126
37.8126
37.8126
37.8126
37.8126
37.8126
37.8126
37.8126
37.8126
37.8126
37.8126
37.8126
37.8126
37.8126
37.8126
37.8126
37.8126
37.8126
37.8126
37.8126
37.8126
37.8126
37.8126
37.8126
37.8126
37.8126
37.8126
37.8126
37.8126
37.8126
37.8126
37.8126
37.8126
37.8126
37.8126
37.8126
37.8126
37.8126
37.8126
37.8126
37.8126
37.8126
37.8126
37.8126
37.8126
37.8126
37.8126
37.8126
37.8126
37.8126
37.8126
37.8126
37.8126
37.8126
37.8126
37.8126
37.8126
37.8126
37.8126
37.8126
37.8126
37.8126
37.8126
37.8126
37.8126
37.8126
37.8126
37.8126
37.8126
37.8126
37.8126
37.8126
37.8126
37.8126
37.8126
37.8126
37.8126
37.8126
37.8126
37.8126
37.8126
37.8126
37.8126
37.8126
37.8126
37.8126
37.8126
37.8126
37.8126
37.8126
37.8126
37.8126
37.8126
37.8126
37.8126
37.8126
37.8126
37.8126
37.8126
37.8126
37.8126
37.8126
37.8126
37.8126
37.8126
37.8126
37.8126
37.8126
37.8126
37.8126
37.8126
37.8126
37.8126
37.8126
37.8126
37.8126
37.8126
37.8126
37.8126
37.8126
37.8126
37.8126
37.8126
37.8126
37.8126
37.8126
37.8126
37.8126
37.8126
37.8126
37.8126
37.8126
37.8126
37.8126
37.8126
37.8126
37.8126
37.8126
37.8126
37.8126
37.8126
37.8126
37.8126
37.8126
37.8126
37.8126
37.8126
37.8126
37.8126
37.8126
37.8126
37.8126
37.8126
37.8126
37.8126
37.8126
37.8126
37.8126
37.8126
37.8126
37.8126
37.8126
37.8126
37.8126
37.8126
37.8126
37.8126
37.8126
37.8126
37.8126
37.8126
37.8126
37.8126
37.8126
37.8126
37.8126
37.8126
37.8126
37.8126
37.8126
37.8126
37.8126
37.8126
37.8126
37.8126
37.8126
37.8126
37.8126
37.8126
37.8126
37.8126
37.8126
37.8126
37.8126
37.8126
37.8126
37.8126
37.8126
37.8126
37.8126
37.8126
37.8126
37.8126
37.8126
37.8126
37.8126
37.8126
37.8126
37.8126
37.8126
37.8126
37.8126
37.8126
37.8126
37.8126
37.8126
37.8126
37.8126
37.8126
37.8126
37.8126
37.8126
37.8126
37.8126
37.8126
37.8126
37.8126
37.8126
37.8126
37.8126
37.8126
37.8126
37.8126
37.8126
37.8126
37.8126
37.8126
37.8126
37.8126
37.8126
37.8126
37.8126
37.8126
37.8126
37.8126
37.8126
37.8126
37.8126
37.8126
37.8126
37.8126
37.8126
37.8126
37.8126
37.8126
37.8126
37.8126
37.8126
37.8126
37.8126
37.8126
37.8126
37.8126
37.8126
37.8126
37.8126
37.8126
37.8126
37.8126
37.8126
